x:9.88455538221529 y:45.603744149765994 "Start", [50]
x:84.46801872074883 y:122.43369734789393 "1", [50]
x:84.46801872074883 y:135.01404056162247 "End", [50]
